version https://git-lfs.github.com/spec/v1
oid sha256:8ad4813349b72bb4f1119509c254066d0e00dd220fe19dbc23d8764354e8205f
size 40951429
